(kicad_pcb (version 20171130) (host pcbnew 5.1.4-3.fc30)

  (general
    (thickness 1.6)
    (drawings 0)
    (tracks 0)
    (zones 0)
    (modules 82)
    (nets 104)
  )

  (page A4)
  (layers
    (0 F.Cu signal)
    (31 B.Cu signal)
    (32 B.Adhes user)
    (33 F.Adhes user)
    (34 B.Paste user)
    (35 F.Paste user)
    (36 B.SilkS user)
    (37 F.SilkS user)
    (38 B.Mask user)
    (39 F.Mask user)
    (40 Dwgs.User user)
    (41 Cmts.User user)
    (42 Eco1.User user)
    (43 Eco2.User user)
    (44 Edge.Cuts user)
    (45 Margin user)
    (46 B.CrtYd user)
    (47 F.CrtYd user)
    (48 B.Fab user)
    (49 F.Fab user)
  )

  (setup
    (last_trace_width 0.25)
    (trace_clearance 0.2)
    (zone_clearance 0.508)
    (zone_45_only no)
    (trace_min 0.2)
    (via_size 0.8)
    (via_drill 0.4)
    (via_min_size 0.4)
    (via_min_drill 0.3)
    (uvia_size 0.3)
    (uvia_drill 0.1)
    (uvias_allowed no)
    (uvia_min_size 0.2)
    (uvia_min_drill 0.1)
    (edge_width 0.05)
    (segment_width 0.2)
    (pcb_text_width 0.3)
    (pcb_text_size 1.5 1.5)
    (mod_edge_width 0.12)
    (mod_text_size 1 1)
    (mod_text_width 0.15)
    (pad_size 1.524 1.524)
    (pad_drill 0.762)
    (pad_to_mask_clearance 0.051)
    (solder_mask_min_width 0.25)
    (aux_axis_origin 0 0)
    (visible_elements FFFFFF7F)
    (pcbplotparams
      (layerselection 0x010fc_ffffffff)
      (usegerberextensions false)
      (usegerberattributes false)
      (usegerberadvancedattributes false)
      (creategerberjobfile false)
      (excludeedgelayer true)
      (linewidth 0.100000)
      (plotframeref false)
      (viasonmask false)
      (mode 1)
      (useauxorigin false)
      (hpglpennumber 1)
      (hpglpenspeed 20)
      (hpglpendiameter 15.000000)
      (psnegative false)
      (psa4output false)
      (plotreference true)
      (plotvalue true)
      (plotinvisibletext false)
      (padsonsilk false)
      (subtractmaskfromsilk false)
      (outputformat 1)
      (mirror false)
      (drillshape 1)
      (scaleselection 1)
      (outputdirectory ""))
  )

  (net 0 "")
  (net 1 "Net-(BT2-Pad1)")
  (net 2 "Net-(BT2-Pad2)")
  (net 3 "Net-(BT3-Pad2)")
  (net 4 "Net-(BT3-Pad1)")
  (net 5 "Net-(BT4-Pad2)")
  (net 6 "Net-(BT4-Pad1)")
  (net 7 "Net-(BT5-Pad1)")
  (net 8 "Net-(BT5-Pad2)")
  (net 9 GND)
  (net 10 RF1)
  (net 11 "Net-(C2-Pad1)")
  (net 12 OSC32K_IN)
  (net 13 OSC32K_OUT)
  (net 14 "Net-(C5-Pad2)")
  (net 15 "Net-(C5-Pad1)")
  (net 16 "Net-(C7-Pad1)")
  (net 17 VCC)
  (net 18 VFBSOUT)
  (net 19 VCCA)
  (net 20 "Net-(D1-Pad1)")
  (net 21 "Net-(D1-Pad2)")
  (net 22 "Net-(D2-Pad2)")
  (net 23 "Net-(D3-Pad2)")
  (net 24 "Net-(D3-Pad1)")
  (net 25 "Net-(D4-Pad1)")
  (net 26 "Net-(D4-Pad2)")
  (net 27 "Net-(D5-Pad2)")
  (net 28 "Net-(D6-Pad2)")
  (net 29 "Net-(D6-Pad1)")
  (net 30 "Net-(D7-Pad1)")
  (net 31 "Net-(D7-Pad2)")
  (net 32 "Net-(D8-Pad2)")
  (net 33 "Net-(D9-Pad1)")
  (net 34 "Net-(D9-Pad2)")
  (net 35 "Net-(D10-Pad2)")
  (net 36 "Net-(D10-Pad1)")
  (net 37 "Net-(D11-Pad2)")
  (net 38 "Net-(D12-Pad1)")
  (net 39 "Net-(D12-Pad2)")
  (net 40 "Net-(D13-Pad2)")
  (net 41 "Net-(D14-Pad2)")
  (net 42 TDX)
  (net 43 RDX)
  (net 44 "Net-(J2-Pad1)")
  (net 45 BOOT0)
  (net 46 VBat)
  (net 47 VBatPlug)
  (net 48 MOSI)
  (net 49 MISO)
  (net 50 SCK)
  (net 51 NSS)
  (net 52 VLXSMPS)
  (net 53 "Net-(IC3-Pad5)")
  (net 54 VCharge)
  (net 55 "Net-(IC4-Pad6)")
  (net 56 GNDPWR)
  (net 57 "Net-(IC5-Pad5)")
  (net 58 "Net-(IC6-Pad6)")
  (net 59 "Net-(IC7-Pad5)")
  (net 60 "Net-(IC8-Pad6)")
  (net 61 "Net-(IC9-Pad5)")
  (net 62 "Net-(IC10-Pad6)")
  (net 63 "Net-(R1-Pad1)")
  (net 64 USER)
  (net 65 "Net-(IC2-Pad1)")
  (net 66 CtrlCharge1)
  (net 67 INChargeOK1)
  (net 68 CtrlDischarge1)
  (net 69 CtrlCharge2)
  (net 70 INChargeOK2)
  (net 71 CtrlDischarge2)
  (net 72 CtrlCharge3)
  (net 73 INChargeOK3)
  (net 74 CtrlDischarge3)
  (net 75 CtrlCharge4)
  (net 76 INChargeOK4)
  (net 77 CtrlDischarge4)
  (net 78 WIFI_STATE)
  (net 79 PROGRAM_STATE)
  (net 80 "Net-(IC3-Pad7)")
  (net 81 "Net-(IC3-Pad4)")
  (net 82 OUTCharge1)
  (net 83 OUTDischarge1)
  (net 84 "Net-(IC4-Pad4)")
  (net 85 "Net-(IC4-Pad7)")
  (net 86 "Net-(IC5-Pad7)")
  (net 87 "Net-(IC5-Pad4)")
  (net 88 OUTCharge2)
  (net 89 OUTDischarge2)
  (net 90 "Net-(IC6-Pad4)")
  (net 91 "Net-(IC6-Pad7)")
  (net 92 OUTCharge3)
  (net 93 "Net-(IC7-Pad4)")
  (net 94 "Net-(IC7-Pad7)")
  (net 95 "Net-(IC8-Pad7)")
  (net 96 "Net-(IC8-Pad4)")
  (net 97 OUTDischarge3)
  (net 98 "Net-(IC9-Pad7)")
  (net 99 "Net-(IC9-Pad4)")
  (net 100 OUTCharge4)
  (net 101 OUTDischarge4)
  (net 102 "Net-(IC10-Pad4)")
  (net 103 "Net-(IC10-Pad7)")

  (net_class Default "This is the default net class."
    (clearance 0.2)
    (trace_width 0.25)
    (via_dia 0.8)
    (via_drill 0.4)
    (uvia_dia 0.3)
    (uvia_drill 0.1)
    (add_net BOOT0)
    (add_net CtrlCharge1)
    (add_net CtrlCharge2)
    (add_net CtrlCharge3)
    (add_net CtrlCharge4)
    (add_net CtrlDischarge1)
    (add_net CtrlDischarge2)
    (add_net CtrlDischarge3)
    (add_net CtrlDischarge4)
    (add_net GND)
    (add_net GNDPWR)
    (add_net INChargeOK1)
    (add_net INChargeOK2)
    (add_net INChargeOK3)
    (add_net INChargeOK4)
    (add_net MISO)
    (add_net MOSI)
    (add_net NSS)
    (add_net "Net-(BT2-Pad1)")
    (add_net "Net-(BT2-Pad2)")
    (add_net "Net-(BT3-Pad1)")
    (add_net "Net-(BT3-Pad2)")
    (add_net "Net-(BT4-Pad1)")
    (add_net "Net-(BT4-Pad2)")
    (add_net "Net-(BT5-Pad1)")
    (add_net "Net-(BT5-Pad2)")
    (add_net "Net-(C2-Pad1)")
    (add_net "Net-(C5-Pad1)")
    (add_net "Net-(C5-Pad2)")
    (add_net "Net-(C7-Pad1)")
    (add_net "Net-(D1-Pad1)")
    (add_net "Net-(D1-Pad2)")
    (add_net "Net-(D10-Pad1)")
    (add_net "Net-(D10-Pad2)")
    (add_net "Net-(D11-Pad2)")
    (add_net "Net-(D12-Pad1)")
    (add_net "Net-(D12-Pad2)")
    (add_net "Net-(D13-Pad2)")
    (add_net "Net-(D14-Pad2)")
    (add_net "Net-(D2-Pad2)")
    (add_net "Net-(D3-Pad1)")
    (add_net "Net-(D3-Pad2)")
    (add_net "Net-(D4-Pad1)")
    (add_net "Net-(D4-Pad2)")
    (add_net "Net-(D5-Pad2)")
    (add_net "Net-(D6-Pad1)")
    (add_net "Net-(D6-Pad2)")
    (add_net "Net-(D7-Pad1)")
    (add_net "Net-(D7-Pad2)")
    (add_net "Net-(D8-Pad2)")
    (add_net "Net-(D9-Pad1)")
    (add_net "Net-(D9-Pad2)")
    (add_net "Net-(IC10-Pad4)")
    (add_net "Net-(IC10-Pad6)")
    (add_net "Net-(IC10-Pad7)")
    (add_net "Net-(IC2-Pad1)")
    (add_net "Net-(IC3-Pad4)")
    (add_net "Net-(IC3-Pad5)")
    (add_net "Net-(IC3-Pad7)")
    (add_net "Net-(IC4-Pad4)")
    (add_net "Net-(IC4-Pad6)")
    (add_net "Net-(IC4-Pad7)")
    (add_net "Net-(IC5-Pad4)")
    (add_net "Net-(IC5-Pad5)")
    (add_net "Net-(IC5-Pad7)")
    (add_net "Net-(IC6-Pad4)")
    (add_net "Net-(IC6-Pad6)")
    (add_net "Net-(IC6-Pad7)")
    (add_net "Net-(IC7-Pad4)")
    (add_net "Net-(IC7-Pad5)")
    (add_net "Net-(IC7-Pad7)")
    (add_net "Net-(IC8-Pad4)")
    (add_net "Net-(IC8-Pad6)")
    (add_net "Net-(IC8-Pad7)")
    (add_net "Net-(IC9-Pad4)")
    (add_net "Net-(IC9-Pad5)")
    (add_net "Net-(IC9-Pad7)")
    (add_net "Net-(J2-Pad1)")
    (add_net "Net-(R1-Pad1)")
    (add_net OSC32K_IN)
    (add_net OSC32K_OUT)
    (add_net OUTCharge1)
    (add_net OUTCharge2)
    (add_net OUTCharge3)
    (add_net OUTCharge4)
    (add_net OUTDischarge1)
    (add_net OUTDischarge2)
    (add_net OUTDischarge3)
    (add_net OUTDischarge4)
    (add_net PROGRAM_STATE)
    (add_net RDX)
    (add_net RF1)
    (add_net SCK)
    (add_net TDX)
    (add_net USER)
    (add_net VBat)
    (add_net VBatPlug)
    (add_net VCC)
    (add_net VCCA)
    (add_net VCharge)
    (add_net VFBSOUT)
    (add_net VLXSMPS)
    (add_net WIFI_STATE)
  )

  (module Connector_Stocko:Stocko_MKS_1651-6-0-202_1x2_P2.50mm_Vertical (layer F.Cu) (tedit 5C7139E8) (tstamp 5E005333)
    (at 98.125001 122.295001)
    (descr "Stocko MKS 16xx series connector, (https://www.stocko-contact.com/downloads/steckverbindersystem-raster-2,5-mm.pdf#page=15), generated with kicad-footprint-generator")
    (tags "Stocko RFK MKS 16xx")
    (path /5E096568/5E152F4D/5E00FD22)
    (fp_text reference BT2 (at 1.25 -4.5) (layer F.SilkS)
      (effects (font (size 1 1) (thickness 0.15)))
    )
    (fp_text value Battery_Cell (at 1.25 5.86) (layer F.Fab)
      (effects (font (size 1 1) (thickness 0.15)))
    )
    (fp_arc (start -3.1 -3.25) (end -3.71 -3.25) (angle 90) (layer F.SilkS) (width 0.12))
    (fp_arc (start 5.6 -3.25) (end 5.6 -3.86) (angle 90) (layer F.SilkS) (width 0.12))
    (fp_arc (start -3.1 3.25) (end -3.1 3.86) (angle 90) (layer F.SilkS) (width 0.12))
    (fp_arc (start 5.6 3.25) (end 6.21 3.25) (angle 90) (layer F.SilkS) (width 0.12))
    (fp_arc (start -3.1 -3.25) (end -3.6 -3.25) (angle 90) (layer F.Fab) (width 0.1))
    (fp_arc (start 5.6 -3.25) (end 5.6 -3.75) (angle 90) (layer F.Fab) (width 0.1))
    (fp_arc (start -3.1 3.25) (end -3.1 3.75) (angle 90) (layer F.Fab) (width 0.1))
    (fp_arc (start 5.6 3.25) (end 6.1 3.25) (angle 90) (layer F.Fab) (width 0.1))
    (fp_line (start -3.1 -3.86) (end 5.6 -3.86) (layer F.SilkS) (width 0.12))
    (fp_line (start -3.71 -3.25) (end -3.71 3.25) (layer F.SilkS) (width 0.12))
    (fp_line (start 6.21 -3.25) (end 6.21 3.25) (layer F.SilkS) (width 0.12))
    (fp_line (start -3.1 3.86) (end -1.49 3.86) (layer F.SilkS) (width 0.12))
    (fp_line (start -1.49 3.86) (end -1.49 1.86) (layer F.SilkS) (width 0.12))
    (fp_line (start 5.6 3.86) (end 3.99 3.86) (layer F.SilkS) (width 0.12))
    (fp_line (start 3.99 3.86) (end 3.99 1.86) (layer F.SilkS) (width 0.12))
    (fp_line (start -1.49 1.86) (end 3.99 1.86) (layer F.SilkS) (width 0.12))
    (fp_line (start 0.3 2.9) (end 0 2.4) (layer F.SilkS) (width 0.12))
    (fp_line (start 0 2.4) (end -0.3 2.9) (layer F.SilkS) (width 0.12))
    (fp_line (start -0.3 2.9) (end 0.3 2.9) (layer F.SilkS) (width 0.12))
    (fp_line (start -3.1 -3.75) (end 5.6 -3.75) (layer F.Fab) (width 0.1))
    (fp_line (start -3.6 -3.25) (end -3.6 3.25) (layer F.Fab) (width 0.1))
    (fp_line (start 6.1 -3.25) (end 6.1 3.25) (layer F.Fab) (width 0.1))
    (fp_line (start -3.1 3.75) (end -1.6 3.75) (layer F.Fab) (width 0.1))
    (fp_line (start -1.6 3.75) (end -1.6 1.75) (layer F.Fab) (width 0.1))
    (fp_line (start 5.6 3.75) (end 4.1 3.75) (layer F.Fab) (width 0.1))
    (fp_line (start 4.1 3.75) (end 4.1 1.75) (layer F.Fab) (width 0.1))
    (fp_line (start -1.6 1.75) (end -0.5 1.75) (layer F.Fab) (width 0.1))
    (fp_line (start 0.5 1.75) (end 4.1 1.75) (layer F.Fab) (width 0.1))
    (fp_line (start -0.5 1.75) (end 0 1.25) (layer F.Fab) (width 0.1))
    (fp_line (start 0 1.25) (end 0.5 1.75) (layer F.Fab) (width 0.1))
    (fp_line (start -4.1 -4.25) (end -4.1 4.25) (layer F.CrtYd) (width 0.05))
    (fp_line (start -4.1 4.25) (end 6.6 4.25) (layer F.CrtYd) (width 0.05))
    (fp_line (start 6.6 4.25) (end 6.6 -4.25) (layer F.CrtYd) (width 0.05))
    (fp_line (start 6.6 -4.25) (end -4.1 -4.25) (layer F.CrtYd) (width 0.05))
    (fp_text user %R (at 1.25 -2) (layer F.Fab)
      (effects (font (size 1 1) (thickness 0.15)))
    )
    (pad 1 thru_hole roundrect (at 0 0) (size 1.5 2) (drill 1) (layers *.Cu *.Mask) (roundrect_rratio 0.25)
      (net 1 "Net-(BT2-Pad1)"))
    (pad 2 thru_hole oval (at 2.5 0) (size 1.5 2) (drill 1) (layers *.Cu *.Mask)
      (net 2 "Net-(BT2-Pad2)"))
    (model ${KISYS3DMOD}/Connector_Stocko.3dshapes/Stocko_MKS_1651-6-0-202_1x2_P2.50mm_Vertical.wrl
      (at (xyz 0 0 0))
      (scale (xyz 1 1 1))
      (rotate (xyz 0 0 0))
    )
  )

  (module Connector_Stocko:Stocko_MKS_1651-6-0-202_1x2_P2.50mm_Vertical (layer F.Cu) (tedit 5C7139E8) (tstamp 5E00535C)
    (at 142.055001 96.275001)
    (descr "Stocko MKS 16xx series connector, (https://www.stocko-contact.com/downloads/steckverbindersystem-raster-2,5-mm.pdf#page=15), generated with kicad-footprint-generator")
    (tags "Stocko RFK MKS 16xx")
    (path /5E096568/5E167AFB/5E00FD22)
    (fp_text reference BT3 (at 1.25 -4.5) (layer F.SilkS)
      (effects (font (size 1 1) (thickness 0.15)))
    )
    (fp_text value Battery_Cell (at 1.25 5.86) (layer F.Fab)
      (effects (font (size 1 1) (thickness 0.15)))
    )
    (fp_text user %R (at 1.25 -2) (layer F.Fab)
      (effects (font (size 1 1) (thickness 0.15)))
    )
    (fp_line (start 6.6 -4.25) (end -4.1 -4.25) (layer F.CrtYd) (width 0.05))
    (fp_line (start 6.6 4.25) (end 6.6 -4.25) (layer F.CrtYd) (width 0.05))
    (fp_line (start -4.1 4.25) (end 6.6 4.25) (layer F.CrtYd) (width 0.05))
    (fp_line (start -4.1 -4.25) (end -4.1 4.25) (layer F.CrtYd) (width 0.05))
    (fp_line (start 0 1.25) (end 0.5 1.75) (layer F.Fab) (width 0.1))
    (fp_line (start -0.5 1.75) (end 0 1.25) (layer F.Fab) (width 0.1))
    (fp_line (start 0.5 1.75) (end 4.1 1.75) (layer F.Fab) (width 0.1))
    (fp_line (start -1.6 1.75) (end -0.5 1.75) (layer F.Fab) (width 0.1))
    (fp_line (start 4.1 3.75) (end 4.1 1.75) (layer F.Fab) (width 0.1))
    (fp_line (start 5.6 3.75) (end 4.1 3.75) (layer F.Fab) (width 0.1))
    (fp_line (start -1.6 3.75) (end -1.6 1.75) (layer F.Fab) (width 0.1))
    (fp_line (start -3.1 3.75) (end -1.6 3.75) (layer F.Fab) (width 0.1))
    (fp_line (start 6.1 -3.25) (end 6.1 3.25) (layer F.Fab) (width 0.1))
    (fp_line (start -3.6 -3.25) (end -3.6 3.25) (layer F.Fab) (width 0.1))
    (fp_line (start -3.1 -3.75) (end 5.6 -3.75) (layer F.Fab) (width 0.1))
    (fp_line (start -0.3 2.9) (end 0.3 2.9) (layer F.SilkS) (width 0.12))
    (fp_line (start 0 2.4) (end -0.3 2.9) (layer F.SilkS) (width 0.12))
    (fp_line (start 0.3 2.9) (end 0 2.4) (layer F.SilkS) (width 0.12))
    (fp_line (start -1.49 1.86) (end 3.99 1.86) (layer F.SilkS) (width 0.12))
    (fp_line (start 3.99 3.86) (end 3.99 1.86) (layer F.SilkS) (width 0.12))
    (fp_line (start 5.6 3.86) (end 3.99 3.86) (layer F.SilkS) (width 0.12))
    (fp_line (start -1.49 3.86) (end -1.49 1.86) (layer F.SilkS) (width 0.12))
    (fp_line (start -3.1 3.86) (end -1.49 3.86) (layer F.SilkS) (width 0.12))
    (fp_line (start 6.21 -3.25) (end 6.21 3.25) (layer F.SilkS) (width 0.12))
    (fp_line (start -3.71 -3.25) (end -3.71 3.25) (layer F.SilkS) (width 0.12))
    (fp_line (start -3.1 -3.86) (end 5.6 -3.86) (layer F.SilkS) (width 0.12))
    (fp_arc (start 5.6 3.25) (end 6.1 3.25) (angle 90) (layer F.Fab) (width 0.1))
    (fp_arc (start -3.1 3.25) (end -3.1 3.75) (angle 90) (layer F.Fab) (width 0.1))
    (fp_arc (start 5.6 -3.25) (end 5.6 -3.75) (angle 90) (layer F.Fab) (width 0.1))
    (fp_arc (start -3.1 -3.25) (end -3.6 -3.25) (angle 90) (layer F.Fab) (width 0.1))
    (fp_arc (start 5.6 3.25) (end 6.21 3.25) (angle 90) (layer F.SilkS) (width 0.12))
    (fp_arc (start -3.1 3.25) (end -3.1 3.86) (angle 90) (layer F.SilkS) (width 0.12))
    (fp_arc (start 5.6 -3.25) (end 5.6 -3.86) (angle 90) (layer F.SilkS) (width 0.12))
    (fp_arc (start -3.1 -3.25) (end -3.71 -3.25) (angle 90) (layer F.SilkS) (width 0.12))
    (pad 2 thru_hole oval (at 2.5 0) (size 1.5 2) (drill 1) (layers *.Cu *.Mask)
      (net 3 "Net-(BT3-Pad2)"))
    (pad 1 thru_hole roundrect (at 0 0) (size 1.5 2) (drill 1) (layers *.Cu *.Mask) (roundrect_rratio 0.25)
      (net 4 "Net-(BT3-Pad1)"))
    (model ${KISYS3DMOD}/Connector_Stocko.3dshapes/Stocko_MKS_1651-6-0-202_1x2_P2.50mm_Vertical.wrl
      (at (xyz 0 0 0))
      (scale (xyz 1 1 1))
      (rotate (xyz 0 0 0))
    )
  )

  (module Connector_Stocko:Stocko_MKS_1651-6-0-202_1x2_P2.50mm_Vertical (layer F.Cu) (tedit 5C7139E8) (tstamp 5E005385)
    (at 136.755001 122.295001)
    (descr "Stocko MKS 16xx series connector, (https://www.stocko-contact.com/downloads/steckverbindersystem-raster-2,5-mm.pdf#page=15), generated with kicad-footprint-generator")
    (tags "Stocko RFK MKS 16xx")
    (path /5E096568/5E169334/5E00FD22)
    (fp_text reference BT4 (at 1.25 -4.5) (layer F.SilkS)
      (effects (font (size 1 1) (thickness 0.15)))
    )
    (fp_text value Battery_Cell (at 1.25 5.86) (layer F.Fab)
      (effects (font (size 1 1) (thickness 0.15)))
    )
    (fp_text user %R (at 1.25 -2) (layer F.Fab)
      (effects (font (size 1 1) (thickness 0.15)))
    )
    (fp_line (start 6.6 -4.25) (end -4.1 -4.25) (layer F.CrtYd) (width 0.05))
    (fp_line (start 6.6 4.25) (end 6.6 -4.25) (layer F.CrtYd) (width 0.05))
    (fp_line (start -4.1 4.25) (end 6.6 4.25) (layer F.CrtYd) (width 0.05))
    (fp_line (start -4.1 -4.25) (end -4.1 4.25) (layer F.CrtYd) (width 0.05))
    (fp_line (start 0 1.25) (end 0.5 1.75) (layer F.Fab) (width 0.1))
    (fp_line (start -0.5 1.75) (end 0 1.25) (layer F.Fab) (width 0.1))
    (fp_line (start 0.5 1.75) (end 4.1 1.75) (layer F.Fab) (width 0.1))
    (fp_line (start -1.6 1.75) (end -0.5 1.75) (layer F.Fab) (width 0.1))
    (fp_line (start 4.1 3.75) (end 4.1 1.75) (layer F.Fab) (width 0.1))
    (fp_line (start 5.6 3.75) (end 4.1 3.75) (layer F.Fab) (width 0.1))
    (fp_line (start -1.6 3.75) (end -1.6 1.75) (layer F.Fab) (width 0.1))
    (fp_line (start -3.1 3.75) (end -1.6 3.75) (layer F.Fab) (width 0.1))
    (fp_line (start 6.1 -3.25) (end 6.1 3.25) (layer F.Fab) (width 0.1))
    (fp_line (start -3.6 -3.25) (end -3.6 3.25) (layer F.Fab) (width 0.1))
    (fp_line (start -3.1 -3.75) (end 5.6 -3.75) (layer F.Fab) (width 0.1))
    (fp_line (start -0.3 2.9) (end 0.3 2.9) (layer F.SilkS) (width 0.12))
    (fp_line (start 0 2.4) (end -0.3 2.9) (layer F.SilkS) (width 0.12))
    (fp_line (start 0.3 2.9) (end 0 2.4) (layer F.SilkS) (width 0.12))
    (fp_line (start -1.49 1.86) (end 3.99 1.86) (layer F.SilkS) (width 0.12))
    (fp_line (start 3.99 3.86) (end 3.99 1.86) (layer F.SilkS) (width 0.12))
    (fp_line (start 5.6 3.86) (end 3.99 3.86) (layer F.SilkS) (width 0.12))
    (fp_line (start -1.49 3.86) (end -1.49 1.86) (layer F.SilkS) (width 0.12))
    (fp_line (start -3.1 3.86) (end -1.49 3.86) (layer F.SilkS) (width 0.12))
    (fp_line (start 6.21 -3.25) (end 6.21 3.25) (layer F.SilkS) (width 0.12))
    (fp_line (start -3.71 -3.25) (end -3.71 3.25) (layer F.SilkS) (width 0.12))
    (fp_line (start -3.1 -3.86) (end 5.6 -3.86) (layer F.SilkS) (width 0.12))
    (fp_arc (start 5.6 3.25) (end 6.1 3.25) (angle 90) (layer F.Fab) (width 0.1))
    (fp_arc (start -3.1 3.25) (end -3.1 3.75) (angle 90) (layer F.Fab) (width 0.1))
    (fp_arc (start 5.6 -3.25) (end 5.6 -3.75) (angle 90) (layer F.Fab) (width 0.1))
    (fp_arc (start -3.1 -3.25) (end -3.6 -3.25) (angle 90) (layer F.Fab) (width 0.1))
    (fp_arc (start 5.6 3.25) (end 6.21 3.25) (angle 90) (layer F.SilkS) (width 0.12))
    (fp_arc (start -3.1 3.25) (end -3.1 3.86) (angle 90) (layer F.SilkS) (width 0.12))
    (fp_arc (start 5.6 -3.25) (end 5.6 -3.86) (angle 90) (layer F.SilkS) (width 0.12))
    (fp_arc (start -3.1 -3.25) (end -3.71 -3.25) (angle 90) (layer F.SilkS) (width 0.12))
    (pad 2 thru_hole oval (at 2.5 0) (size 1.5 2) (drill 1) (layers *.Cu *.Mask)
      (net 5 "Net-(BT4-Pad2)"))
    (pad 1 thru_hole roundrect (at 0 0) (size 1.5 2) (drill 1) (layers *.Cu *.Mask) (roundrect_rratio 0.25)
      (net 6 "Net-(BT4-Pad1)"))
    (model ${KISYS3DMOD}/Connector_Stocko.3dshapes/Stocko_MKS_1651-6-0-202_1x2_P2.50mm_Vertical.wrl
      (at (xyz 0 0 0))
      (scale (xyz 1 1 1))
      (rotate (xyz 0 0 0))
    )
  )

  (module Connector_Stocko:Stocko_MKS_1651-6-0-202_1x2_P2.50mm_Vertical (layer F.Cu) (tedit 5C7139E8) (tstamp 5E0053AE)
    (at 180.685001 96.275001)
    (descr "Stocko MKS 16xx series connector, (https://www.stocko-contact.com/downloads/steckverbindersystem-raster-2,5-mm.pdf#page=15), generated with kicad-footprint-generator")
    (tags "Stocko RFK MKS 16xx")
    (path /5E096568/5E16A9D3/5E00FD22)
    (fp_text reference BT5 (at 1.25 -4.5) (layer F.SilkS)
      (effects (font (size 1 1) (thickness 0.15)))
    )
    (fp_text value Battery_Cell (at 1.25 5.86) (layer F.Fab)
      (effects (font (size 1 1) (thickness 0.15)))
    )
    (fp_arc (start -3.1 -3.25) (end -3.71 -3.25) (angle 90) (layer F.SilkS) (width 0.12))
    (fp_arc (start 5.6 -3.25) (end 5.6 -3.86) (angle 90) (layer F.SilkS) (width 0.12))
    (fp_arc (start -3.1 3.25) (end -3.1 3.86) (angle 90) (layer F.SilkS) (width 0.12))
    (fp_arc (start 5.6 3.25) (end 6.21 3.25) (angle 90) (layer F.SilkS) (width 0.12))
    (fp_arc (start -3.1 -3.25) (end -3.6 -3.25) (angle 90) (layer F.Fab) (width 0.1))
    (fp_arc (start 5.6 -3.25) (end 5.6 -3.75) (angle 90) (layer F.Fab) (width 0.1))
    (fp_arc (start -3.1 3.25) (end -3.1 3.75) (angle 90) (layer F.Fab) (width 0.1))
    (fp_arc (start 5.6 3.25) (end 6.1 3.25) (angle 90) (layer F.Fab) (width 0.1))
    (fp_line (start -3.1 -3.86) (end 5.6 -3.86) (layer F.SilkS) (width 0.12))
    (fp_line (start -3.71 -3.25) (end -3.71 3.25) (layer F.SilkS) (width 0.12))
    (fp_line (start 6.21 -3.25) (end 6.21 3.25) (layer F.SilkS) (width 0.12))
    (fp_line (start -3.1 3.86) (end -1.49 3.86) (layer F.SilkS) (width 0.12))
    (fp_line (start -1.49 3.86) (end -1.49 1.86) (layer F.SilkS) (width 0.12))
    (fp_line (start 5.6 3.86) (end 3.99 3.86) (layer F.SilkS) (width 0.12))
    (fp_line (start 3.99 3.86) (end 3.99 1.86) (layer F.SilkS) (width 0.12))
    (fp_line (start -1.49 1.86) (end 3.99 1.86) (layer F.SilkS) (width 0.12))
    (fp_line (start 0.3 2.9) (end 0 2.4) (layer F.SilkS) (width 0.12))
    (fp_line (start 0 2.4) (end -0.3 2.9) (layer F.SilkS) (width 0.12))
    (fp_line (start -0.3 2.9) (end 0.3 2.9) (layer F.SilkS) (width 0.12))
    (fp_line (start -3.1 -3.75) (end 5.6 -3.75) (layer F.Fab) (width 0.1))
    (fp_line (start -3.6 -3.25) (end -3.6 3.25) (layer F.Fab) (width 0.1))
    (fp_line (start 6.1 -3.25) (end 6.1 3.25) (layer F.Fab) (width 0.1))
    (fp_line (start -3.1 3.75) (end -1.6 3.75) (layer F.Fab) (width 0.1))
    (fp_line (start -1.6 3.75) (end -1.6 1.75) (layer F.Fab) (width 0.1))
    (fp_line (start 5.6 3.75) (end 4.1 3.75) (layer F.Fab) (width 0.1))
    (fp_line (start 4.1 3.75) (end 4.1 1.75) (layer F.Fab) (width 0.1))
    (fp_line (start -1.6 1.75) (end -0.5 1.75) (layer F.Fab) (width 0.1))
    (fp_line (start 0.5 1.75) (end 4.1 1.75) (layer F.Fab) (width 0.1))
    (fp_line (start -0.5 1.75) (end 0 1.25) (layer F.Fab) (width 0.1))
    (fp_line (start 0 1.25) (end 0.5 1.75) (layer F.Fab) (width 0.1))
    (fp_line (start -4.1 -4.25) (end -4.1 4.25) (layer F.CrtYd) (width 0.05))
    (fp_line (start -4.1 4.25) (end 6.6 4.25) (layer F.CrtYd) (width 0.05))
    (fp_line (start 6.6 4.25) (end 6.6 -4.25) (layer F.CrtYd) (width 0.05))
    (fp_line (start 6.6 -4.25) (end -4.1 -4.25) (layer F.CrtYd) (width 0.05))
    (fp_text user %R (at 1.25 -2) (layer F.Fab)
      (effects (font (size 1 1) (thickness 0.15)))
    )
    (pad 1 thru_hole roundrect (at 0 0) (size 1.5 2) (drill 1) (layers *.Cu *.Mask) (roundrect_rratio 0.25)
      (net 7 "Net-(BT5-Pad1)"))
    (pad 2 thru_hole oval (at 2.5 0) (size 1.5 2) (drill 1) (layers *.Cu *.Mask)
      (net 8 "Net-(BT5-Pad2)"))
    (model ${KISYS3DMOD}/Connector_Stocko.3dshapes/Stocko_MKS_1651-6-0-202_1x2_P2.50mm_Vertical.wrl
      (at (xyz 0 0 0))
      (scale (xyz 1 1 1))
      (rotate (xyz 0 0 0))
    )
  )

  (module Capacitor_SMD:C_0805_2012Metric (layer F.Cu) (tedit 5B36C52B) (tstamp 5E0053BF)
    (at 122.315001 101.825001)
    (descr "Capacitor SMD 0805 (2012 Metric), square (rectangular) end terminal, IPC_7351 nominal, (Body size source: https://docs.google.com/spreadsheets/d/1BsfQQcO9C6DZCsRaXUlFlo91Tg2WpOkGARC1WS5S8t0/edit?usp=sharing), generated with kicad-footprint-generator")
    (tags capacitor)
    (path /5E00024D/5D67B217)
    (attr smd)
    (fp_text reference C1 (at 0 -1.65) (layer F.SilkS)
      (effects (font (size 1 1) (thickness 0.15)))
    )
    (fp_text value 0.8pF (at 0 1.65) (layer F.Fab)
      (effects (font (size 1 1) (thickness 0.15)))
    )
    (fp_text user %R (at 0 0) (layer F.Fab)
      (effects (font (size 0.5 0.5) (thickness 0.08)))
    )
    (fp_line (start 1.68 0.95) (end -1.68 0.95) (layer F.CrtYd) (width 0.05))
    (fp_line (start 1.68 -0.95) (end 1.68 0.95) (layer F.CrtYd) (width 0.05))
    (fp_line (start -1.68 -0.95) (end 1.68 -0.95) (layer F.CrtYd) (width 0.05))
    (fp_line (start -1.68 0.95) (end -1.68 -0.95) (layer F.CrtYd) (width 0.05))
    (fp_line (start -0.258578 0.71) (end 0.258578 0.71) (layer F.SilkS) (width 0.12))
    (fp_line (start -0.258578 -0.71) (end 0.258578 -0.71) (layer F.SilkS) (width 0.12))
    (fp_line (start 1 0.6) (end -1 0.6) (layer F.Fab) (width 0.1))
    (fp_line (start 1 -0.6) (end 1 0.6) (layer F.Fab) (width 0.1))
    (fp_line (start -1 -0.6) (end 1 -0.6) (layer F.Fab) (width 0.1))
    (fp_line (start -1 0.6) (end -1 -0.6) (layer F.Fab) (width 0.1))
    (pad 2 smd roundrect (at 0.9375 0) (size 0.975 1.4) (layers F.Cu F.Paste F.Mask) (roundrect_rratio 0.25)
      (net 9 GND))
    (pad 1 smd roundrect (at -0.9375 0) (size 0.975 1.4) (layers F.Cu F.Paste F.Mask) (roundrect_rratio 0.25)
      (net 10 RF1))
    (model ${KISYS3DMOD}/Capacitor_SMD.3dshapes/C_0805_2012Metric.wrl
      (at (xyz 0 0 0))
      (scale (xyz 1 1 1))
      (rotate (xyz 0 0 0))
    )
  )

  (module Capacitor_SMD:C_0805_2012Metric (layer F.Cu) (tedit 5B36C52B) (tstamp 5E0053D0)
    (at 117.905001 104.775001)
    (descr "Capacitor SMD 0805 (2012 Metric), square (rectangular) end terminal, IPC_7351 nominal, (Body size source: https://docs.google.com/spreadsheets/d/1BsfQQcO9C6DZCsRaXUlFlo91Tg2WpOkGARC1WS5S8t0/edit?usp=sharing), generated with kicad-footprint-generator")
    (tags capacitor)
    (path /5E00024D/5D67A29D)
    (attr smd)
    (fp_text reference C2 (at 0 -1.65) (layer F.SilkS)
      (effects (font (size 1 1) (thickness 0.15)))
    )
    (fp_text value 0.3pF (at 0 1.65) (layer F.Fab)
      (effects (font (size 1 1) (thickness 0.15)))
    )
    (fp_text user %R (at 0 0) (layer F.Fab)
      (effects (font (size 0.5 0.5) (thickness 0.08)))
    )
    (fp_line (start 1.68 0.95) (end -1.68 0.95) (layer F.CrtYd) (width 0.05))
    (fp_line (start 1.68 -0.95) (end 1.68 0.95) (layer F.CrtYd) (width 0.05))
    (fp_line (start -1.68 -0.95) (end 1.68 -0.95) (layer F.CrtYd) (width 0.05))
    (fp_line (start -1.68 0.95) (end -1.68 -0.95) (layer F.CrtYd) (width 0.05))
    (fp_line (start -0.258578 0.71) (end 0.258578 0.71) (layer F.SilkS) (width 0.12))
    (fp_line (start -0.258578 -0.71) (end 0.258578 -0.71) (layer F.SilkS) (width 0.12))
    (fp_line (start 1 0.6) (end -1 0.6) (layer F.Fab) (width 0.1))
    (fp_line (start 1 -0.6) (end 1 0.6) (layer F.Fab) (width 0.1))
    (fp_line (start -1 -0.6) (end 1 -0.6) (layer F.Fab) (width 0.1))
    (fp_line (start -1 0.6) (end -1 -0.6) (layer F.Fab) (width 0.1))
    (pad 2 smd roundrect (at 0.9375 0) (size 0.975 1.4) (layers F.Cu F.Paste F.Mask) (roundrect_rratio 0.25)
      (net 9 GND))
    (pad 1 smd roundrect (at -0.9375 0) (size 0.975 1.4) (layers F.Cu F.Paste F.Mask) (roundrect_rratio 0.25)
      (net 11 "Net-(C2-Pad1)"))
    (model ${KISYS3DMOD}/Capacitor_SMD.3dshapes/C_0805_2012Metric.wrl
      (at (xyz 0 0 0))
      (scale (xyz 1 1 1))
      (rotate (xyz 0 0 0))
    )
  )

  (module Capacitor_SMD:C_0805_2012Metric (layer F.Cu) (tedit 5B36C52B) (tstamp 5E0053E1)
    (at 131.135001 92.975001)
    (descr "Capacitor SMD 0805 (2012 Metric), square (rectangular) end terminal, IPC_7351 nominal, (Body size source: https://docs.google.com/spreadsheets/d/1BsfQQcO9C6DZCsRaXUlFlo91Tg2WpOkGARC1WS5S8t0/edit?usp=sharing), generated with kicad-footprint-generator")
    (tags capacitor)
    (path /5E00024D/5DE17C02)
    (attr smd)
    (fp_text reference C3 (at 0 -1.65) (layer F.SilkS)
      (effects (font (size 1 1) (thickness 0.15)))
    )
    (fp_text value 10p (at 0 1.65) (layer F.Fab)
      (effects (font (size 1 1) (thickness 0.15)))
    )
    (fp_text user %R (at 0 0) (layer F.Fab)
      (effects (font (size 0.5 0.5) (thickness 0.08)))
    )
    (fp_line (start 1.68 0.95) (end -1.68 0.95) (layer F.CrtYd) (width 0.05))
    (fp_line (start 1.68 -0.95) (end 1.68 0.95) (layer F.CrtYd) (width 0.05))
    (fp_line (start -1.68 -0.95) (end 1.68 -0.95) (layer F.CrtYd) (width 0.05))
    (fp_line (start -1.68 0.95) (end -1.68 -0.95) (layer F.CrtYd) (width 0.05))
    (fp_line (start -0.258578 0.71) (end 0.258578 0.71) (layer F.SilkS) (width 0.12))
    (fp_line (start -0.258578 -0.71) (end 0.258578 -0.71) (layer F.SilkS) (width 0.12))
    (fp_line (start 1 0.6) (end -1 0.6) (layer F.Fab) (width 0.1))
    (fp_line (start 1 -0.6) (end 1 0.6) (layer F.Fab) (width 0.1))
    (fp_line (start -1 -0.6) (end 1 -0.6) (layer F.Fab) (width 0.1))
    (fp_line (start -1 0.6) (end -1 -0.6) (layer F.Fab) (width 0.1))
    (pad 2 smd roundrect (at 0.9375 0) (size 0.975 1.4) (layers F.Cu F.Paste F.Mask) (roundrect_rratio 0.25)
      (net 9 GND))
    (pad 1 smd roundrect (at -0.9375 0) (size 0.975 1.4) (layers F.Cu F.Paste F.Mask) (roundrect_rratio 0.25)
      (net 12 OSC32K_IN))
    (model ${KISYS3DMOD}/Capacitor_SMD.3dshapes/C_0805_2012Metric.wrl
      (at (xyz 0 0 0))
      (scale (xyz 1 1 1))
      (rotate (xyz 0 0 0))
    )
  )

  (module Capacitor_SMD:C_0805_2012Metric (layer F.Cu) (tedit 5B36C52B) (tstamp 5E0053F2)
    (at 117.905001 92.975001)
    (descr "Capacitor SMD 0805 (2012 Metric), square (rectangular) end terminal, IPC_7351 nominal, (Body size source: https://docs.google.com/spreadsheets/d/1BsfQQcO9C6DZCsRaXUlFlo91Tg2WpOkGARC1WS5S8t0/edit?usp=sharing), generated with kicad-footprint-generator")
    (tags capacitor)
    (path /5E00024D/5DE18577)
    (attr smd)
    (fp_text reference C4 (at 0 -1.65) (layer F.SilkS)
      (effects (font (size 1 1) (thickness 0.15)))
    )
    (fp_text value 10p (at 0 1.65) (layer F.Fab)
      (effects (font (size 1 1) (thickness 0.15)))
    )
    (fp_line (start -1 0.6) (end -1 -0.6) (layer F.Fab) (width 0.1))
    (fp_line (start -1 -0.6) (end 1 -0.6) (layer F.Fab) (width 0.1))
    (fp_line (start 1 -0.6) (end 1 0.6) (layer F.Fab) (width 0.1))
    (fp_line (start 1 0.6) (end -1 0.6) (layer F.Fab) (width 0.1))
    (fp_line (start -0.258578 -0.71) (end 0.258578 -0.71) (layer F.SilkS) (width 0.12))
    (fp_line (start -0.258578 0.71) (end 0.258578 0.71) (layer F.SilkS) (width 0.12))
    (fp_line (start -1.68 0.95) (end -1.68 -0.95) (layer F.CrtYd) (width 0.05))
    (fp_line (start -1.68 -0.95) (end 1.68 -0.95) (layer F.CrtYd) (width 0.05))
    (fp_line (start 1.68 -0.95) (end 1.68 0.95) (layer F.CrtYd) (width 0.05))
    (fp_line (start 1.68 0.95) (end -1.68 0.95) (layer F.CrtYd) (width 0.05))
    (fp_text user %R (at 0 0) (layer F.Fab)
      (effects (font (size 0.5 0.5) (thickness 0.08)))
    )
    (pad 1 smd roundrect (at -0.9375 0) (size 0.975 1.4) (layers F.Cu F.Paste F.Mask) (roundrect_rratio 0.25)
      (net 13 OSC32K_OUT))
    (pad 2 smd roundrect (at 0.9375 0) (size 0.975 1.4) (layers F.Cu F.Paste F.Mask) (roundrect_rratio 0.25)
      (net 9 GND))
    (model ${KISYS3DMOD}/Capacitor_SMD.3dshapes/C_0805_2012Metric.wrl
      (at (xyz 0 0 0))
      (scale (xyz 1 1 1))
      (rotate (xyz 0 0 0))
    )
  )

  (module Capacitor_SMD:C_0805_2012Metric (layer F.Cu) (tedit 5B36C52B) (tstamp 5E005403)
    (at 126.725001 95.925001)
    (descr "Capacitor SMD 0805 (2012 Metric), square (rectangular) end terminal, IPC_7351 nominal, (Body size source: https://docs.google.com/spreadsheets/d/1BsfQQcO9C6DZCsRaXUlFlo91Tg2WpOkGARC1WS5S8t0/edit?usp=sharing), generated with kicad-footprint-generator")
    (tags capacitor)
    (path /5E00024D/5E0CBD65)
    (attr smd)
    (fp_text reference C5 (at 0 -1.65) (layer F.SilkS)
      (effects (font (size 1 1) (thickness 0.15)))
    )
    (fp_text value 10nF (at 0 1.65) (layer F.Fab)
      (effects (font (size 1 1) (thickness 0.15)))
    )
    (fp_text user %R (at 0 0) (layer F.Fab)
      (effects (font (size 0.5 0.5) (thickness 0.08)))
    )
    (fp_line (start 1.68 0.95) (end -1.68 0.95) (layer F.CrtYd) (width 0.05))
    (fp_line (start 1.68 -0.95) (end 1.68 0.95) (layer F.CrtYd) (width 0.05))
    (fp_line (start -1.68 -0.95) (end 1.68 -0.95) (layer F.CrtYd) (width 0.05))
    (fp_line (start -1.68 0.95) (end -1.68 -0.95) (layer F.CrtYd) (width 0.05))
    (fp_line (start -0.258578 0.71) (end 0.258578 0.71) (layer F.SilkS) (width 0.12))
    (fp_line (start -0.258578 -0.71) (end 0.258578 -0.71) (layer F.SilkS) (width 0.12))
    (fp_line (start 1 0.6) (end -1 0.6) (layer F.Fab) (width 0.1))
    (fp_line (start 1 -0.6) (end 1 0.6) (layer F.Fab) (width 0.1))
    (fp_line (start -1 -0.6) (end 1 -0.6) (layer F.Fab) (width 0.1))
    (fp_line (start -1 0.6) (end -1 -0.6) (layer F.Fab) (width 0.1))
    (pad 2 smd roundrect (at 0.9375 0) (size 0.975 1.4) (layers F.Cu F.Paste F.Mask) (roundrect_rratio 0.25)
      (net 14 "Net-(C5-Pad2)"))
    (pad 1 smd roundrect (at -0.9375 0) (size 0.975 1.4) (layers F.Cu F.Paste F.Mask) (roundrect_rratio 0.25)
      (net 15 "Net-(C5-Pad1)"))
    (model ${KISYS3DMOD}/Capacitor_SMD.3dshapes/C_0805_2012Metric.wrl
      (at (xyz 0 0 0))
      (scale (xyz 1 1 1))
      (rotate (xyz 0 0 0))
    )
  )

  (module Capacitor_SMD:C_0805_2012Metric (layer F.Cu) (tedit 5B36C52B) (tstamp 5E005414)
    (at 110.705001 110.275001)
    (descr "Capacitor SMD 0805 (2012 Metric), square (rectangular) end terminal, IPC_7351 nominal, (Body size source: https://docs.google.com/spreadsheets/d/1BsfQQcO9C6DZCsRaXUlFlo91Tg2WpOkGARC1WS5S8t0/edit?usp=sharing), generated with kicad-footprint-generator")
    (tags capacitor)
    (path /5E00024D/5E0CFFC6)
    (attr smd)
    (fp_text reference C6 (at 0 -1.65) (layer F.SilkS)
      (effects (font (size 1 1) (thickness 0.15)))
    )
    (fp_text value ND (at 0 1.65) (layer F.Fab)
      (effects (font (size 1 1) (thickness 0.15)))
    )
    (fp_text user %R (at 0 0) (layer F.Fab)
      (effects (font (size 0.5 0.5) (thickness 0.08)))
    )
    (fp_line (start 1.68 0.95) (end -1.68 0.95) (layer F.CrtYd) (width 0.05))
    (fp_line (start 1.68 -0.95) (end 1.68 0.95) (layer F.CrtYd) (width 0.05))
    (fp_line (start -1.68 -0.95) (end 1.68 -0.95) (layer F.CrtYd) (width 0.05))
    (fp_line (start -1.68 0.95) (end -1.68 -0.95) (layer F.CrtYd) (width 0.05))
    (fp_line (start -0.258578 0.71) (end 0.258578 0.71) (layer F.SilkS) (width 0.12))
    (fp_line (start -0.258578 -0.71) (end 0.258578 -0.71) (layer F.SilkS) (width 0.12))
    (fp_line (start 1 0.6) (end -1 0.6) (layer F.Fab) (width 0.1))
    (fp_line (start 1 -0.6) (end 1 0.6) (layer F.Fab) (width 0.1))
    (fp_line (start -1 -0.6) (end 1 -0.6) (layer F.Fab) (width 0.1))
    (fp_line (start -1 0.6) (end -1 -0.6) (layer F.Fab) (width 0.1))
    (pad 2 smd roundrect (at 0.9375 0) (size 0.975 1.4) (layers F.Cu F.Paste F.Mask) (roundrect_rratio 0.25)
      (net 9 GND))
    (pad 1 smd roundrect (at -0.9375 0) (size 0.975 1.4) (layers F.Cu F.Paste F.Mask) (roundrect_rratio 0.25)
      (net 14 "Net-(C5-Pad2)"))
    (model ${KISYS3DMOD}/Capacitor_SMD.3dshapes/C_0805_2012Metric.wrl
      (at (xyz 0 0 0))
      (scale (xyz 1 1 1))
      (rotate (xyz 0 0 0))
    )
  )

  (module Capacitor_SMD:C_0805_2012Metric (layer F.Cu) (tedit 5B36C52B) (tstamp 5E005425)
    (at 117.905001 98.875001)
    (descr "Capacitor SMD 0805 (2012 Metric), square (rectangular) end terminal, IPC_7351 nominal, (Body size source: https://docs.google.com/spreadsheets/d/1BsfQQcO9C6DZCsRaXUlFlo91Tg2WpOkGARC1WS5S8t0/edit?usp=sharing), generated with kicad-footprint-generator")
    (tags capacitor)
    (path /5E00024D/5E0D0BE6)
    (attr smd)
    (fp_text reference C7 (at 0 -1.65) (layer F.SilkS)
      (effects (font (size 1 1) (thickness 0.15)))
    )
    (fp_text value 1.2pF (at 0 1.65) (layer F.Fab)
      (effects (font (size 1 1) (thickness 0.15)))
    )
    (fp_line (start -1 0.6) (end -1 -0.6) (layer F.Fab) (width 0.1))
    (fp_line (start -1 -0.6) (end 1 -0.6) (layer F.Fab) (width 0.1))
    (fp_line (start 1 -0.6) (end 1 0.6) (layer F.Fab) (width 0.1))
    (fp_line (start 1 0.6) (end -1 0.6) (layer F.Fab) (width 0.1))
    (fp_line (start -0.258578 -0.71) (end 0.258578 -0.71) (layer F.SilkS) (width 0.12))
    (fp_line (start -0.258578 0.71) (end 0.258578 0.71) (layer F.SilkS) (width 0.12))
    (fp_line (start -1.68 0.95) (end -1.68 -0.95) (layer F.CrtYd) (width 0.05))
    (fp_line (start -1.68 -0.95) (end 1.68 -0.95) (layer F.CrtYd) (width 0.05))
    (fp_line (start 1.68 -0.95) (end 1.68 0.95) (layer F.CrtYd) (width 0.05))
    (fp_line (start 1.68 0.95) (end -1.68 0.95) (layer F.CrtYd) (width 0.05))
    (fp_text user %R (at 0 0) (layer F.Fab)
      (effects (font (size 0.5 0.5) (thickness 0.08)))
    )
    (pad 1 smd roundrect (at -0.9375 0) (size 0.975 1.4) (layers F.Cu F.Paste F.Mask) (roundrect_rratio 0.25)
      (net 16 "Net-(C7-Pad1)"))
    (pad 2 smd roundrect (at 0.9375 0) (size 0.975 1.4) (layers F.Cu F.Paste F.Mask) (roundrect_rratio 0.25)
      (net 9 GND))
    (model ${KISYS3DMOD}/Capacitor_SMD.3dshapes/C_0805_2012Metric.wrl
      (at (xyz 0 0 0))
      (scale (xyz 1 1 1))
      (rotate (xyz 0 0 0))
    )
  )

  (module Capacitor_SMD:C_0805_2012Metric (layer F.Cu) (tedit 5B36C52B) (tstamp 5E005436)
    (at 115.115001 110.275001)
    (descr "Capacitor SMD 0805 (2012 Metric), square (rectangular) end terminal, IPC_7351 nominal, (Body size source: https://docs.google.com/spreadsheets/d/1BsfQQcO9C6DZCsRaXUlFlo91Tg2WpOkGARC1WS5S8t0/edit?usp=sharing), generated with kicad-footprint-generator")
    (tags capacitor)
    (path /5E00024D/5E2941FA)
    (attr smd)
    (fp_text reference C8 (at 0 -1.65) (layer F.SilkS)
      (effects (font (size 1 1) (thickness 0.15)))
    )
    (fp_text value 100nF (at 0 1.65) (layer F.Fab)
      (effects (font (size 1 1) (thickness 0.15)))
    )
    (fp_text user %R (at 0 0) (layer F.Fab)
      (effects (font (size 0.5 0.5) (thickness 0.08)))
    )
    (fp_line (start 1.68 0.95) (end -1.68 0.95) (layer F.CrtYd) (width 0.05))
    (fp_line (start 1.68 -0.95) (end 1.68 0.95) (layer F.CrtYd) (width 0.05))
    (fp_line (start -1.68 -0.95) (end 1.68 -0.95) (layer F.CrtYd) (width 0.05))
    (fp_line (start -1.68 0.95) (end -1.68 -0.95) (layer F.CrtYd) (width 0.05))
    (fp_line (start -0.258578 0.71) (end 0.258578 0.71) (layer F.SilkS) (width 0.12))
    (fp_line (start -0.258578 -0.71) (end 0.258578 -0.71) (layer F.SilkS) (width 0.12))
    (fp_line (start 1 0.6) (end -1 0.6) (layer F.Fab) (width 0.1))
    (fp_line (start 1 -0.6) (end 1 0.6) (layer F.Fab) (width 0.1))
    (fp_line (start -1 -0.6) (end 1 -0.6) (layer F.Fab) (width 0.1))
    (fp_line (start -1 0.6) (end -1 -0.6) (layer F.Fab) (width 0.1))
    (pad 2 smd roundrect (at 0.9375 0) (size 0.975 1.4) (layers F.Cu F.Paste F.Mask) (roundrect_rratio 0.25)
      (net 17 VCC))
    (pad 1 smd roundrect (at -0.9375 0) (size 0.975 1.4) (layers F.Cu F.Paste F.Mask) (roundrect_rratio 0.25)
      (net 9 GND))
    (model ${KISYS3DMOD}/Capacitor_SMD.3dshapes/C_0805_2012Metric.wrl
      (at (xyz 0 0 0))
      (scale (xyz 1 1 1))
      (rotate (xyz 0 0 0))
    )
  )

  (module Capacitor_SMD:C_0805_2012Metric (layer F.Cu) (tedit 5B36C52B) (tstamp 5E005447)
    (at 122.315001 92.975001)
    (descr "Capacitor SMD 0805 (2012 Metric), square (rectangular) end terminal, IPC_7351 nominal, (Body size source: https://docs.google.com/spreadsheets/d/1BsfQQcO9C6DZCsRaXUlFlo91Tg2WpOkGARC1WS5S8t0/edit?usp=sharing), generated with kicad-footprint-generator")
    (tags capacitor)
    (path /5E00024D/5D856C89)
    (attr smd)
    (fp_text reference C9 (at 0 -1.65) (layer F.SilkS)
      (effects (font (size 1 1) (thickness 0.15)))
    )
    (fp_text value 4.7uF (at 0 1.65) (layer F.Fab)
      (effects (font (size 1 1) (thickness 0.15)))
    )
    (fp_line (start -1 0.6) (end -1 -0.6) (layer F.Fab) (width 0.1))
    (fp_line (start -1 -0.6) (end 1 -0.6) (layer F.Fab) (width 0.1))
    (fp_line (start 1 -0.6) (end 1 0.6) (layer F.Fab) (width 0.1))
    (fp_line (start 1 0.6) (end -1 0.6) (layer F.Fab) (width 0.1))
    (fp_line (start -0.258578 -0.71) (end 0.258578 -0.71) (layer F.SilkS) (width 0.12))
    (fp_line (start -0.258578 0.71) (end 0.258578 0.71) (layer F.SilkS) (width 0.12))
    (fp_line (start -1.68 0.95) (end -1.68 -0.95) (layer F.CrtYd) (width 0.05))
    (fp_line (start -1.68 -0.95) (end 1.68 -0.95) (layer F.CrtYd) (width 0.05))
    (fp_line (start 1.68 -0.95) (end 1.68 0.95) (layer F.CrtYd) (width 0.05))
